1,1,0
1,2,4838
1,3,2724
1,4,2392
1,5,5541
1,6,3406
1,7,3228
1,8,1335
1,9,5057
1,10,1942
1,11,4787
1,12,2141
1,13,1761
1,14,4329
1,15,4054
1,16,6651
1,17,4036
1,18,1278
1,19,4026
1,20,1002
1,21,4626
1,22,2614
1,23,2199
1,24,3968
1,25,3382
1,26,2711
1,27,3729
1,28,2346
1,29,2727
1,30,1120
1,31,4894
1,32,3600
1,33,1999
1,34,3866
1,35,3227
1,36,3097
1,37,5215
1,38,2918
1,39,1673
1,40,5282
1,41,4576
1,42,4757
1,43,2111
1,44,2998
1,45,4134
1,46,5559
1,47,1296
1,48,2806
1,49,5237
1,50,1250
1,51,1663
1,52,2818
1,53,2528
1,54,3088
1,55,4455
1,56,3620
1,57,5314
1,58,4380
1,59,3937
1,60,4877
1,61,3484
1,62,3751
1,63,5077
1,64,2692
1,65,3546
1,66,1245
1,67,2472
1,68,3575
1,69,5860
1,70,4673
1,71,2509
1,72,4782
1,73,2820
1,74,5177
1,75,3024
1,76,2445
1,77,3191
1,78,3006
1,79,253
1,80,4073
1,81,2613
1,82,1963
1,83,4969
1,84,4490
1,85,4819
1,86,4303
1,87,1948
1,88,4175
1,89,3129
1,90,4047
1,91,2362
1,92,4108
2,1,4838
2,2,0
2,3,5446
2,4,5960
2,5,710
2,6,2220
2,7,2676
2,8,5725
2,9,616
2,10,4644
2,11,283
2,12,3215
2,13,5096
2,14,780
2,15,2997
2,16,1820
2,17,1731
2,18,5839
2,19,2744
2,20,4877
2,21,1056
2,22,6959
2,23,4768
2,24,5107
2,25,4596
2,26,3461
2,27,4948
2,28,3976
2,29,3469
2,30,3717
2,31,3679
2,32,4833
2,33,2893
2,34,972
2,35,5256
2,36,2002
2,37,511
2,38,2349
2,45,4344
2,46,2889
2,47,4727
2,48,2600
2,49,1540
2,50,6088
2,51,6235
2,52,2251
2,53,2660
2,54,5178
2,55,492
2,56,1817
2,57,1437
2,58,2068
2,59,1051
2,60,3876
2,61,5241
2,62,5012
2,63,1193
2,64,2590
2,65,5402
2,66,3989
2,67,6018
2,68,2939
2,69,1159
2,70,1116
2,71,6013
2,72,4739
2,77,2078
2,78,3860
2,79,5028
2,80,2525
2,81,4827
2,82,3864
2,83,3837
2,84,593
2,85,3164
2,86,2469
2,87,3358
2,88,2891
2,89,1961
2,90,3635
2,91,4657
2,92,4569
2,93,4622
2,94,3712
2,95,4374
2,96,2940
2,97,5151
2,98,5642
2,99,4529
2,100,2766
3,1,2724
3,2,5446
3,3,0
3,4,888
3,5,6115
3,6,3270
3,7,2833
3,8,1872
3,9,5346
3,10,4598
3,11,5260
3,12,2337
3,18,2131
3,19,5938
3,20,3722
3,21,4718
3,22,2195
3,23,4866
3,24,1592
3,25,1344
3,26,1999
3,27,1427
3,28,4799
3,29,1994
3,30,2882
3,31,3447
3,32,1371
3,33,3592
3,34,4646
3,35,5907
3,36,3466
3,37,5605
3,38,4572
3,39,4392
3,40,5489
3,41,6127
3,42,5250
3,43,991
3,44,2824
3,45,2245
3,46,4632
3,47,1465
3,48,2850
3,49,5031
3,50,3013
3,51,2223
3,52,4335
3,53,4284
3,54,594
3,55,5273
3,56,3664
3,57,5173
3,58,3932
3,59,4395
3,60,3314
3,61,6146
3,62,6354
3,63,6203
3,64,4455
3,65,952
3,66,3636
3,67,885
3,68,2783
3,69,6089
3,70,4721
3,71,842
3,72,2716
3,73,480
3,74,5225
3,75,3398
3,76,3962
3,77,3368
3,78,1723
3,79,2909
3,80,5894
3,81,5268
3,82,4370
3,83,3437
3,84,4898
3,85,3672
3,86,6081
3,87,2267
3,88,3244
3,89,4545
3,90,6270
3,91,5000
3,92,6582
3,93,2228
3,94,5265
3,95,6684
3,96,4168
3,97,2095
3,98,2605
3,99,3663
3,100,3985
4,1,2392
4,2,5960
4,3,888
4,4,0
4,5,6653
4,6,3877
4,7,3472
4,8,1224
4,9,5936
4,10,4334
4,11,5803
4,12,2750
4,13,896
4,14,5720
4,15,6155
4,16,7721
4,17,4547
4,18,1455
4,19,6068
4,20,3378
4,21,5336
4,22,1310
4,23,4591
4,24,2469
4,25,2218
4,26,2633
4,27,2314
4,28,4673
4,29,2633
4,30,2894
4,31,4306
4,32,2259
4,33,3738
4,34,5090
4,35,5615
4,36,3957
4,37,6177
4,38,4754
4,39,4042
4,40,6101
4,41,6387
4,42,5788
4,43,1464
4,44,3407
4,45,3126
4,46,5443
4,47,1400
4,48,3377
4,49,5721
4,50,2336
4,51,1434
4,52,4550
4,53,4420
4,54,1482
4,55,5728
4,56,4250
4,57,5853
4,58,4640
4,59,4913
4,60,4183
4,61,5876
4,62,6140
4,63,6595
4,64,4596
4,65,1801
4,66,3506
4,67,80
4,68,3511
4,69,6708
4,70,5349
4,71,120
4,72,3604
4,73,1340
4,74,5867
4,75,3883
4,76,4158
4,77,3903
4,78,2476
4,79,2516
4,80,6057
4,81,5006
4,82,4258
4,83,4304
4,84,5446
4,85,4497
4,86,6262
4,87,2626
4,88,4021
4,89,4802
4,90,6277
4,91,4753
4,92,6461
4,93,3116
4,94,5202
4,95,6603
4,96,4982
4,97,2969
4,98,2020
4,99,4550
4,100,4120
5,1,5541
5,2,710
5,3,6115
5,4,6653
5,5,0
5,6,2858
5,7,3310
5,8,6435
5,9,869
5,10,5257
5,11,854
5,12,3914
5,13,5795
5,14,1325
5,15,3354
5,16,1110
5,17,2297
5,18,6550
5,19,3109
5,20,5547
5,21,1515
5,22,7666
5,23,5363
5,24,5684
5,25,5206
5,26,4120
5,27,5540
5,28,4559
5,29,4126
5,30,4422
5,31,4084
5,32,5432
5,33,3582
5,34,1676
5,35,5773
5,36,2697
5,37,576
5,38,2959
5,39,5663
5,40,888
5,41,2227
5,42,866
5,43,5207
5,44,3290
5,45,4879
5,46,3101
5,47,5434
5,48,3281
5,49,1725
5,50,6792
5,51,6946
5,52,2896
5,53,3297
5,54,5821
5,55,1111
5,56,2457
5,57,1575
5,58,2535
5,59,1740
5,60,4294
5,61,5732
5,62,5464
5,63,1237
5,64,3210
5,65,6021
5,66,4660
5,67,6710
5,68,3524
5,69,767
5,70,1548
5,71,6702
5,72,5216
5,73,5711
5,74,1248
5,75,2772
5,76,3180
5,77,2756
5,78,4492
5,79,5728
5,80,2886
5,81,5389
5,82,4485
5,83,4239
5,84,1217
5,85,3557
5,86,2777
5,87,4062
5,88,3390
5,89,2592
5,90,4000
5,91,5238
5,92,4957
5,93,5150
5,94,4236
5,95,4730
5,96,3250
5,97,5687
5,98,6349
5,99,4894
5,100,3429
6,1,3406
6,2,2220
6,3,3270
6,4,3877
6,5,2858
6,6,0
6,7,456
6,8,3905
6,9,2076
6,10,4114
6,11,2007
6,12,1312
6,13,3076
6,14,2283
6,15,3896
6,16,3876
6,17,683
6,18,4079
6,19,3681
6,20,3872
6,21,1458
6,22,5006
6,23,4338
6,24,2925
6,25,2382
6,26,1271
6,27,2749
6,28,3745
6,29,1275
6,30,2417
6,31,2069
6,32,2627
6,33,2091
6,34,1610
6,35,5181
6,36,616
6,37,2335
6,38,2455
6,39,4296
6,40,2226
6,41,3434
6,42,2001
6,43,2413
6,44,476
6,45,2261
6,46,2220
6,47,2828
6,48,604
6,49,1904
6,50,4564
6,51,4437
6,52,2179
6,53,2451
6,54,2964
6,55,2153
6,56,402
6,57,2015
6,58,977
6,59,1205
6,60,2186
6,61,5289
6,62,5249
6,63,3162
6,64,2534
6,65,3182
6,66,3104
6,67,3926
6,68,813
6,69,2832
6,70,1472
6,71,3912
6,72,2784
6,73,2855
6,74,1991
6,75,628
6,76,2051
6,77,385
6,78,1640
6,79,3648
6,80,3537
6,81,4580
6,82,3420
6,83,2211
6,84,1645
6,85,1728
6,86,3634
6,87,1504
6,88,1118
6,89,2162
6,90,4380
6,91,4328
6,92,5099
6,93,2542
6,94,3836
6,95,5039
6,96,1903
6,97,3040
6,98,4060
6,99,2927
6,100,2298
7,1,3228
7,2,2676
7,3,2833
7,4,3472
7,5,3310
7,6,456
7,7,0
7,8,3590
7,9,2516
7,10,4151
7,11,2462
7,12,1087
7,13,2702
7,14,2717
7,15,4206
7,16,4318
7,17,1079
7,18,3780
7,19,4004
7,20,3799
7,21,1884
7,22,4637
7,23,4389
7,24,2485
7,25,1928
7,26,842
7,27,2302
7,28,3861
7,29,844
7,30,2332
7,31,1894
7,32,2177
7,33,2188
7,34,2038
7,35,5286
7,36,926
7,37,2782
7,38,2715
7,39,4279
7,40,2655
7,41,3826
7,42,2456
7,43,2011
7,44,277
7,45,1870
7,46,2331
7,47,2507
7,48,525
7,49,2257
7,50,4330
7,51,4122
7,52,2432
7,53,2650
7,54,2511
7,55,2600
7,56,858
7,57,2383
7,58,1219
7,59,1656
7,60,1971
7,61,5416
7,62,5414
7,63,3604
7,64,2757
7,65,2727
7,66,3096
7,67,3518
7,68,490
7,69,3257
7,70,1889
7,71,3501
7,72,2437
7,73,2409
7,74,2400
7,75,902
7,76,2240
7,77,717
7,78,1184
7,79,3478
7,80,3874
7,81,4664
7,82,3504
7,83,2019
7,84,2100
7,85,1659
7,86,3988
7,87,1281
7,88,1001
7,89,2465
7,90,4654
7,91,4402
7,92,5320
7,93,2148
7,94,4019
7,95,5284
7,96,1948
7,97,2627
7,98,3818
7,99,2705
7,100,2456
8,1,1335
8,2,5725
8,3,1872
8,4,1224
8,5,6435
8,6,3905
8,7,3590
8,8,0
8,9,5827
8,10,3236
8,11,5620
8,12,2608
8,13,1079
8,14,5335
8,15,5351
8,16,7540
8,17,4586
8,18,260
8,19,5304
8,20,2248
8,21,5300
8,22,1319
8,23,3479
8,24,3403
8,25,2967
8,26,2843
8,27,3198
8,28,3682
8,29,2852
8,30,2180
8,31,4879
8,32,3103
8,33,3105
8,34,4780
8,35,4476
8,36,3791
8,37,6030
8,38,4100
8,39,2889
8,40,6027
8,41,5772
8,42,5597
8,43,1785
8,44,3435
8,45,3854
8,46,5821
8,47,1082
8,48,3320
8,49,5809
8,50,1142
8,51,532
8,52,3950
8,53,3726
8,54,2403
8,55,5407
8,56,4216
8,57,5917
8,58,4809
8,59,4727
8,60,4802
8,61,4748
8,62,5048
8,63,6153
8,64,3899
8,65,2818
8,66,2565
8,67,1294
8,68,3788
8,69,6630
8,70,5331
8,71,1343
8,72,4432
8,73,2171
8,74,5854
8,75,3713
8,76,3556
8,77,3809
8,78,2911
8,79,1387
8,80,5331
8,81,3895
8,82,3296
8,83,4914
8,84,5286
8,85,4948
8,86,5554
8,87,2429
8,88,4370
8,89,4241
8,90,5375
8,91,3659
8,92,5437
8,93,3920
8,94,4258
8,95,5612
8,96,5382
8,97,3906
8,98,798
8,99,5300
8,100,3443
9,1,5057
9,2,616
9,3,5346
9,4,5936
9,5,869
9,6,2076
9,7,2516
9,8,5827
9,9,0
9,10,5069
9,11,394
9,12,3242
9,13,5104
9,14,1359
9,15,3593
9,16,1801
9,17,1463
9,18,5965
9,19,3340
9,20,5206
9,21,657
9,22,7011
9,23,5214
9,24,4833
9,25,4377
9,26,3347
9,27,4697
9,28,4442
9,29,3351
9,30,3944
9,31,3222
9,32,4593
9,33,3199
9,34,1310
9,35,5768
9,36,2036
9,37,292
9,38,2809
9,39,5419
9,40,249
9,41,2601
9,42,435
9,43,4475
9,44,2533
9,45,4015
9,46,2316
9,47,4787
9,48,2564
9,49,942
9,50,6297
9,51,6350
9,52,2667
9,53,3078
9,54,5019
9,55,1056
9,56,1688
9,57,827
9,58,1667
9,59,1120
9,60,3430
9,61,5771
9,62,5565
9,63,1779
9,64,3035
9,65,5196
9,66,4324
9,67,5988
9,68,2685
9,69,806
9,70,683
9,71,5977
9,72,4347
9,73,4925
9,74,460
9,75,2114
9,76,2861
9,77,2043
9,78,3684
9,79,5265
9,80,3124
9,81,5306
9,82,4288
9,83,3378
9,84,570
9,85,2697
9,86,3078
9,87,3408
9,88,2524
9,89,2408
9,90,4226
9,91,5120
9,92,5150
9,93,4286
9,94,4229
9,95,4966
9,96,2415
9,97,4823
9,98,5827
9,99,4044
9,100,3138
10,1,1942
10,2,4644
10,3,4598
10,4,4334
10,5,5257
10,6,4114
10,7,4151
10,8,3236
10,9,5069
10,10,0
10,11,4708
10,12,3224
10,13,3652
10,14,3932
10,15,2688
10,16,6292
10,17,4558
10,18,3117
10,19,2770
10,20,996
10,21,4864
10,22,4418
10,23,271
10,24,5637
10,25,4995
10,26,3986
10,27,5391
10,28,776
10,29,4005
10,30,1948
10,31,6030
10,32,5249
10,33,2038
10,34,3758
10,35,1310
10,36,3578
10,37,5125
10,38,2299
10,39,516
10,40,5318
10,41,3596
10,42,4670
10,43,3826
10,44,3874
10,45,5582
10,46,6315
10,47,3132
10,48,3629
10,49,5573
10,50,2632
10,51,3442
10,52,2403
10,53,1991
10,54,4876
10,55,4167
10,56,4142
10,57,5594
10,58,5031
10,59,4068
10,60,6077
10,61,1550
10,62,1812
10,63,4406
10,64,2053
10,65,5330
10,66,1089
10,67,4414
10,68,4612
10,69,5794
10,70,4933
10,71,4451
10,72,6244
10,73,4609
10,74,5345
10,75,3532
10,76,2241
10,77,3770
10,78,4426
10,79,1848
10,80,2907
10,81,673
10,82,781
10,83,6142
10,84,4524
10,85,5802
10,86,3140
10,87,3086
10,88,5149
10,89,2682
10,90,2438
10,91,422
10,92,2243
10,93,5788
10,94,1355
10,95,2465
10,96,6018
10,97,6049
10,98,2541
10,99,6782
10,100,1956
11,1,4787
11,2,283
11,3,5260
11,4,5803
11,5,854
11,6,2007
11,7,2462
11,8,5620
11,9,394
11,10,4708
11,11,0
11,12,3072
11,13,4951
11,14,967
11,15,3202
11,16,1926
11,17,1479
11,18,5745
11,19,2949
11,20,4884
11,21,774
11,22,6834
11,23,4846
11,24,4866
11,25,4370
11,26,3266
11,27,4713
11,28,4067
11,29,3272
11,30,3667
11,31,3399
11,32,4601
11,33,2883
11,34,962
11,35,5381
11,36,1854
11,37,432
11,38,2433
11,39,5071
11,40,636
11,41,2231
11,42,40
11,43,4354
11,44,2436
11,45,4088
11,46,2611
11,47,4602
11,48,2429
11,49,1274
11,50,6034
11,51,6137
11,52,2305
11,53,2717
11,54,4972
11,55,663
11,56,1606
11,57,1183
11,58,1793
11,59,897
11,60,3598
11,61,5381
11,62,5171
11,63,1475
11,64,2664
11,65,5181
11,66,3998
11,67,5859
11,68,2699
11,69,1099
11,70,833
11,71,5851
11,72,4470
11,73,4858
11,74,822
11,75,1930
11,76,2523
11,77,1903
11,78,3645
11,79,4986
11,80,2734
11,81,4928
11,82,3927
11,83,3558
11,84,363
11,85,2883
11,86,2694
11,87,3225
11,88,2624
11,89,2035
11,90,3833
11,91,4746
11,92,4755
11,93,4365
11,94,3841
11,95,4573
11,96,2657
11,97,4896
11,98,5575
11,99,4247
11,100,2794
12,1,2141
12,2,3215
12,3,2337
12,4,2750
12,5,3914
12,6,1312
12,7,1087
12,8,2608
12,9,3242
12,10,3224
12,11,3072
12,12,0
12,13,1881
12,14,2986
12,15,3873
12,16,4998
12,17,1985
12,18,2772
12,19,3717
12,20,2756
12,21,2693
12,22,3768
12,23,3480
12,24,2652
12,25,1991
12,26,780
12,27,2416
12,28,3074
12,29,800
12,30,1308
12,31,2846
12,32,2269
12,33,1488
12,34,2343
12,35,4445
12,36,1218
12,37,3464
12,38,2337
12,39,3284
12,40,3431
12,41,3806
12,42,3054
12,43,1355
12,44,867
12,45,2392
12,46,3418
12,47,1547
12,48,714
12,49,3210
12,50,3260
12,51,3139
12,52,2074
12,53,2124
12,54,2243
12,55,2979
12,56,1607
12,57,3312
12,58,2264
12,59,2176
12,60,2870
12,61,4612
12,62,4680
12,63,3875
12,64,2277
12,65,2607
12,66,2138
12,67,2811
12,68,1459
12,69,4038
12,70,2723
12,71,2808
12,72,3046
12,73,2042
12,74,3247
12,75,1142
12,76,1743
12,77,1205
12,78,1276
12,79,2391
12,80,3642
12,81,3799
12,82,2672
12,83,2945
12,84,2723
12,85,2703
12,86,3809
12,87,195
12,88,2049
12,89,2243
12,90,4196
12,91,3526
12,92,4710
12,93,2623
12,94,3363
12,95,4735
12,96,3029
12,97,2971
12,98,2752
12,99,3561
12,100,1854
13,1,1761
13,2,5096
13,3,963
13,4,896
13,5,5795
13,6,3076
13,7,2702
13,8,1079
13,9,5104
13,10,3652
13,11,4951
13,12,1881
13,13,0
13,14,4831
13,15,5291
13,16,6875
13,17,3756
13,18,1332
13,19,5195
13,20,2761
13,21,4524
13,22,1935
13,23,3919
13,24,2358
13,25,1890
13,26,1890
13,27,2142
13,28,3900
13,29,1895
13,30,2042
13,31,3821
13,32,2038
13,33,2855
13,34,4210
13,35,4958
13,36,3098
13,37,5336
13,38,3867
13,39,3432
13,40,5280
13,41,5493
13,42,4933
13,43,740
13,44,2599
13,45,2774
13,46,4829
13,47,546
13,48,2540
13,49,4958
13,50,2161
13,51,1554
13,52,3659
13,53,3541
13,54,1387
13,55,4848
13,56,3431
13,57,5081
13,58,3906
13,59,4056
13,60,3736
13,61,5202
13,62,5427
13,63,5703
13,64,3717
13,65,1833
13,66,2729
13,67,966
13,68,2821
13,69,5889
13,70,4543
13,71,977
13,72,3356
13,73,1134
13,74,5066
13,75,3022
13,76,3268
13,77,3061
13,78,1870
13,79,1947
13,80,5176
13,81,4324
13,82,3475
13,83,3850
13,84,4598
13,85,3924
13,86,5379
13,87,1744
13,88,3379
13,89,3907
13,90,5445
13,91,4060
13,92,5691
13,93,2844
13,94,4398
13,95,5812
13,96,4378
13,97,2856
13,98,1705
13,99,4221
13,100,3241
14,1,4329
14,2,780
14,3,5308
14,4,5720
14,5,1325
14,6,2283
14,7,2717
14,8,5335
14,9,1359
14,10,3932
14,11,967
14,12,2986
14,13,4831
14,14,0
14,15,2235
14,16,2383
14,17,2003
14,18,5421
14,19,1981
14,20,4251
14,21,1581
14,22,6614
14,23,4039
14,24,5202
14,25,4630
14,26,3399
14,27,5016
14,28,3237
14,29,3410
14,30,3225
14,31,4064
14,32,4888
14,33,2335
14,34,681
14,35,4486
14,36,1869
14,37,1292
14,38,1635
14,39,4341
14,40,1589
14,41,1317
14,42,927
14,43,4339
14,44,2592
14,45,4532
14,46,3477
14,47,4405
14,48,2491
14,49,2209
14,50,5576
14,51,5825
14,52,1589
14,53,1981
14,54,5121
14,55,303
14,56,1915
14,57,2136
14,58,2455
14,59,1117
14,60,4239
14,61,4465
14,62,4232
14,63,899
14,64,1886
14,65,5401
14,66,3369
14,67,5784
14,68,3082
14,69,1924
14,70,1657
14,71,5785
14,72,5007
14,73,4963
14,74,1783
14,75,1928
14,76,1905
14,77,2022
14,78,3859
14,79,4497
14,80,1767
14,81,4075
14,82,3160
14,83,4222
14,84,1036
14,85,3579
14,86,1737
14,87,3095
14,88,3183
14,89,1277
14,90,2866
14,91,3918
14,92,3794
14,93,4814
14,94,2942
14,95,3606
14,96,3447
14,97,5320
14,98,5159
14,99,4939
14,100,2136
15,1,4054
15,2,2997
15,3,6059
15,4,6155
15,5,3354
15,6,3896
15,7,4206
15,8,5351
15,9,3593
15,10,2688
15,11,3202
15,12,3873
15,13,5291
15,14,2235
15,15,0
15,16,4161
15,17,3930
15,18,5329
15,19,253
15,20,3466
15,21,3751
15,22,6660
15,23,2647
15,24,6499
15,25,5848
15,26,4570
15,27,6272
15,28,1926
15,29,4588
15,30,3261
15,31,5936
15,32,6127
15,33,2467
15,34,2565
15,35,2633
15,36,3294
15,37,3498
15,38,1539
15,39,3202
15,40,3818
15,41,1171
15,42,3163
15,43,5085
15,44,3974
15,45,6056
15,46,5612
15,47,4758
15,48,3765
15,49,4425
15,50,5115
15,51,5718
15,52,1814
15,53,1776
15,54,6087
15,55,2538
15,56,3662
15,57,4364
15,58,4443
15,59,3076
15,60,6073
15,61,2513
15,62,2169
15,63,2185
15,64,1609
15,65,6475
15,66,2811
15,67,6232
15,68,4678
15,69,4074
15,70,3830
15,71,6253
15,72,6643
15,73,5861
15,74,4016
15,75,3307
15,76,2131
15,77,3523
15,78,5090
15,79,4103
15,80,472
15,81,2472
15,82,2164
15,83,6086
15,84,3229
15,85,5519
15,86,599
15,87,3867
15,88,4989
15,89,1741
15,90,645
15,91,2449
15,92,1604
15,93,6325
15,94,1336
15,95,1381
15,96,5501
15,97,6758
15,98,4863
15,99,6810
15,100,2073
16,1,6651
16,2,1820
16,3,7147
16,4,7721
16,5,1110
16,6,3876
16,7,4318
16,8,7540
16,9,1801
16,10,6292
16,11,1926
16,12,4998
16,13,6875
16,14,2383
16,15,4161
16,16,0
16,17,3258
16,18,7658
16,19,3935
16,20,6633
16,21,2444
16,22,8760
16,23,6379
16,24,6590
16,25,6162
16,26,5147
16,27,6467
16,28,5569
16,29,5152
16,30,5532
16,31,4796
16,32,6370
16,33,4684
16,34,2787
16,35,6704
16,36,3780
16,37,1545
16,38,4009
16,39,6717
16,40,1683
16,41,2990
16,42,1946
16,43,6265
16,44,4329
16,45,5738
16,46,3615
16,47,6529
16,48,4344
16,49,2376
16,50,7902
16,51,8053
16,52,3972
16,53,4364
16,54,6818
16,55,2205
16,56,3484
16,57,2208
16,58,3388
16,59,2824
16,60,5016
16,61,6633
16,62,6324
16,63,1983
16,64,4264
16,65,6984
16,66,5748
16,67,7775
16,68,4469
16,69,1138
16,70,2453
16,71,7766
16,72,5994
16,73,6727
16,74,2003
16,75,3856
16,76,4274
16,77,3818
16,78,5483
16,79,6835
16,80,3718
16,81,6370
16,82,5530
16,83,4942
16,84,2277
16,85,4274
16,86,3563
16,87,5152
16,88,4240
16,89,3661
16,90,4793
16,91,6240
16,92,5753
16,93,5998
16,94,5192
16,95,5492
16,96,3879
16,97,6537
16,98,7460
16,99,5529
16,100,4515
17,1,4036
17,2,1731
17,3,3909
17,4,4547
17,5,2297
17,6,683
17,7,1079
17,8,4586
17,9,1463
17,10,4558
17,11,1479
17,12,1985
17,13,3756
17,14,2003
17,15,3930
17,16,3258
17,17,0
17,18,4756
17,19,3694
17,20,4423
17,21,814
17,22,5688
17,23,4761
17,24,3389
17,25,2914
17,26,1921
17,27,3242
17,28,4101
17,29,1923
17,30,2999
17,31,2066
17,32,3135
17,33,2522
17,34,1411
17,35,5530
17,36,994
17,37,1742
17,38,2638
17,39,4793
17,40,1583
17,41,3274
17,42,1484
17,43,3083
17,44,1159
17,45,2612
17,46,1786
17,47,3511
17,48,1270
17,49,1225
17,50,5218
17,51,5118
17,52,2388
17,53,2731
17,54,3560
17,55,1799
17,56,427
17,57,1332
17,58,520
17,59,899
17,60,2237
17,61,5607
17,62,5515
17,63,2813
17,64,2775
17,65,3733
17,66,3608
17,67,4594
17,68,1226
17,69,2180
17,70,813
17,71,4578
17,72,3028
17,73,3476
17,74,1321
17,75,1052
17,76,2370
17,77,849
17,78,2225
17,79,4272
17,80,3520
17,81,4962
17,82,3821
17,83,2223
17,84,1138
17,85,1603
17,86,3574
17,87,2173
17,88,1185
17,89,2279
17,90,4477
17,91,4726
17,92,5278
17,93,2891
17,94,4096
17,95,5177
17,96,1586
17,97,3419
17,98,4718
17,99,2945
17,100,2644
18,1,1278
18,2,5839
18,3,2131
18,4,1455
18,5,6550
18,6,4079
18,7,3780
18,8,260
18,9,5965
18,10,3117
18,11,5745
18,12,2772
18,13,1332
18,14,5421
18,15,5329
18,16,7658
18,17,4756
18,18,0
18,19,5294
18,20,2121
18,21,5453
18,22,1336
18,23,3351
18,24,3663
18,25,3223
18,26,3053
18,27,3458
18,28,3607
18,29,3063
18,30,2226
18,31,5115
18,32,3361
18,33,3152
18,34,4885
18,35,4330
18,36,3933
18,37,6161
18,38,4130
18,39,2743
18,40,6171
18,41,5801
18,42,5721
18,43,2025
18,44,3614
18,45,4105
18,46,6034
18,47,1281
18,48,3486
18,49,5981
18,50,889
18,51,406
18,52,3996
18,53,3749
18,54,2663
18,55,5506
18,56,4377
18,57,6084
18,58,4998
18,59,4857
18,60,5043
18,61,4607
18,62,4922
18,63,6222
18,64,3919
18,65,3078
18,66,2523
18,67,1522
18,68,3998
18,69,6770
18,70,5487
18,71,1572
18,72,4688
18,73,2431
18,74,6009
18,75,3855
18,76,3606
18,77,3963
18,78,3145
18,79,1282
18,80,5332
18,81,3765
18,82,3236
18,83,5154
18,84,5418
18,85,5171
18,86,5558
18,87,2587
18,88,4585
18,89,4294
18,90,5322
18,91,3538
18,92,5339
18,93,4176
18,94,4196
18,95,5527
18,96,5598
18,97,4166
18,98,603
18,99,5550
18,100,3474
19,1,4026
19,2,2744
19,3,5938
19,4,6068
19,5,3109
19,6,3681
19,7,4004
19,8,5304
19,9,3340
19,10,2770
19,11,2949
19,12,3717
19,13,5195
19,14,1981
19,15,253
19,16,3935
19,17,3694
19,18,5294
19,19,0
19,20,3495
19,21,3501
19,22,6619
19,23,2751
19,24,6327
19,25,5681
19,26,4397
19,27,6103
19,28,1996
19,29,4415
19,30,3181
19,31,5711
19,32,5958
19,33,2350
19,34,2320
19,35,2817
19,36,3086
19,37,3246
19,38,1381
19,39,3277
19,40,3565
19,41,953
19,42,2909
19,43,4958
19,44,3778
19,45,5862
19,46,5367
19,47,4668
19,48,3575
19,49,4172
19,50,5123
19,51,5688
19,52,1645
19,53,1657
19,54,5945
19,55,2285
19,56,3437
19,57,4111
19,58,4206
19,59,2834
19,60,5852
19,61,2714
19,62,2389
19,63,1954
19,64,1484
19,65,6324
19,66,2794
19,67,6145
19,68,4471
19,69,3825
19,70,3580
19,71,6163
19,72,6441
19,73,5724
19,74,3763
19,75,3102
19,76,1985
19,77,3312
19,78,4916
19,79,4091
19,80,223
19,81,2609
19,82,2189
19,83,5862
19,84,2977
19,85,5288
19,86,396
19,87,3723
19,88,4766
19,89,1541
19,90,894
19,91,2563
19,92,1848
19,93,6133
19,94,1438
19,95,1632
19,96,5261
19,97,6574
19,98,4848
19,99,6587
19,100,1958
20,1,1002
20,2,4877
20,3,3722
20,4,3378
20,5,5547
20,6,3872
20,7,3799
20,8,2248
20,9,5206
20,10,996
20,11,4884
20,12,2756
20,13,2761
20,14,4251
20,15,3466
20,16,6633
20,17,4423
20,18,2121
20,19,3495
20,20,0
20,21,4882
20,22,3423
20,23,1231
20,24,4903
20,25,4290
20,26,3449
20,27,4660
20,28,1581
20,29,3467
20,30,1467
20,31,5599
20,32,4525
20,33,2007
20,34,3923
20,35,2237
20,36,3432
20,37,5315
20,38,2664
20,39,671
20,40,5447
20,41,4202
20,42,4849
20,43,3050
20,44,3538
20,45,4976
20,46,6089
20,47,2275
20,48,3310
20,49,5554
20,50,1676
20,51,2447
20,52,2662
20,53,2284
20,54,4062
20,55,4436
20,56,3996
20,57,5603
20,58,4840
20,59,4120
20,60,5613
20,61,2503
20,62,2802
20,63,4874
20,64,2410
20,65,4521
20,66,887
20,67,3457
20,68,4213
20,69,5982
20,70,4941
20,71,3497
20,72,5636
20,73,3794
20,74,5407
20,75,3370
20,76,2370
20,77,3581
20,78,3822
20,79,866
20,80,3590
20,81,1647
20,82,1305
20,83,5693
20,84,4638
20,85,5450
20,86,3828
20,87,2583
20,88,4792
20,89,2977
20,90,3328
20,91,1417
20,92,3232
20,93,5152
20,94,2197
20,95,3439
20,96,5739
20,97,5349
20,98,1546
20,99,6278
20,100,2118
21,1,4626
21,2,1056
21,3,4718
21,4,5336
21,5,1515
21,6,1458
21,7,1884
21,8,5300
21,9,657
21,10,4864
21,11,774
21,12,2693
21,13,4524
21,14,1581
21,15,3751
21,16,2444
21,17,814
21,18,5453
21,19,3501
21,20,4882
21,21,0
21,22,6446
21,23,5037
21,24,4176
21,25,3722
21,26,2723
21,27,4040
21,28,4305
21,29,2726
21,30,3536
21,31,2626
21,32,3937
21,33,2891
21,34,1221
21,35,5692
21,36,1535
21,37,944
21,38,2711
21,39,5166
21,40,771
21,41,2897
21,42,794
21,43,3871
21,44,1929
21,45,3363
21,46,1897
21,47,4240
21,48,1991
21,49,719
21,50,5846
21,51,5828
21,52,2515
21,53,2911
21,54,4375
21,55,1304
21,56,1093
21,57,729
21,58,1029
21,59,799
21,60,2825
21,61,5728
21,62,5571
21,63,2235
21,64,2905
21,65,4543
21,66,4021
21,67,5385
21,68,2030
21,69,1374
21,70,79
21,71,5371
21,72,3714
21,73,4289
21,74,556
21,75,1611
21,76,2623
21,77,1490
21,78,3039
21,79,4848
21,80,3300
21,81,5178
21,82,4093
21,83,2784
21,84,545
21,85,2108
21,86,3300
21,87,2870
21,88,1878
21,89,2312
21,90,4354
21,91,4968
21,92,5233
21,93,3635
21,94,4183
21,95,5084
21,96,1896
21,97,4171
21,98,5361
21,99,3473
21,100,2908
22,1,2614
22,2,6959
22,3,2195
22,4,1310
22,5,7666
22,6,5006
22,7,4637
22,8,1319
22,9,7011
22,10,4418
22,11,6834
22,12,3768
22,13,1935
22,14,6614
22,15,6660
22,16,8760
22,17,5688
22,18,1336
22,19,6619
22,20,3423
22,21,6446
22,22,0
22,23,4640
22,24,3755
22,25,3528
22,26,3820
22,27,3613
22,28,4939
22,29,3825
22,30,3497
22,31,5610
22,32,3565
22,33,4419
22,34,6034
22,35,5581
22,36,4983
22,37,7231
22,38,5418
22,39,4009
22,40,7196
22,41,7090
22,42,6813
22,43,2649
22,44,4529
22,45,4436
22,46,6716
22,47,2232
22,48,4455
22,49,6894
22,50,1886
22,51,976
22,52,5264
22,53,5046
22,54,2786
22,55,6668
22,56,5352
22,57,7015
22,58,5839
22,59,5936
22,60,5491
22,61,5865
22,62,6206
22,63,7449
22,64,5219
22,65,3069
22,66,3858
22,67,1310
22,68,4739
22,69,7804
22,70,6469
22,71,1354
22,72,4904
22,73,2650
22,74,6992
22,75,4906
22,76,4869
22,77,4969
22,78,3738
22,79,2611
22,80,6649
22,81,5049
22,82,4572
22,83,5612
22,84,6489
22,85,5782
22,86,6873
22,87,3608
22,88,5277
22,89,5551
22,90,6658
22,91,4835
22,92,6654
22,93,4421
22,94,5531
22,95,6851
22,96,6257
22,97,4246
22,98,1877
22,99,5857
22,100,4762
23,1,2199
23,2,4768
23,3,4866
23,4,4591
23,5,5363
23,6,4338
23,7,4389
23,8,3479
23,9,5214
23,10,271
23,11,4846
23,12,3480
23,13,3919
23,14,4039
23,15,2647
23,16,6379
23,17,4761
23,18,3351
23,19,2751
23,20,1231
23,21,5037
23,22,4640
23,23,0
23,24,5907
23,25,5264
23,26,4245
23,27,5661
23,28,811
23,29,4265
23,30,2212
23,31,6274
23,32,5518
23,33,2251
23,34,3906
23,35,1041
23,36,3789
23,37,5256
23,38,2419
23,39,655
23,40,5464
23,41,3615
23,42,4807
23,43,4097
23,44,4112
23,45,5844
23,46,6527
23,47,3401
23,48,3865
23,49,5750
23,50,2826
23,51,3666
23,52,2548
23,53,2138
23,54,5147
23,55,4285
23,56,4350
23,57,5764
23,58,5241
23,59,4238
23,60,6324
23,61,1286
23,62,1570
23,63,4465
23,64,2181
23,65,5601
23,66,1351
23,67,4671
23,68,4854
23,69,5924
23,70,5107
23,71,4709
23,72,6506
23,73,4879
23,74,5505
23,75,3746
23,76,2419
23,77,3986
23,78,4690
23,79,2094
23,80,2905
23,81,415
23,82,945
23,83,6388
23,84,4678
23,85,6035
23,86,3133
23,87,3345
23,88,5384
23,89,2812
23,90,2336
23,91,217
23,92,2048
23,93,6052
23,94,1314
23,95,2290
23,96,6240
23,97,6318
23,98,2768
23,99,7033
23,100,2135
24,1,3968
24,2,5107
24,3,1592
24,4,2469
24,5,5684
24,6,2925
24,7,2485
24,8,3403
24,9,4833
24,10,5637
24,11,4866
24,12,2652
24,13,2358
24,14,5202
24,15,6499
24,16,6590
24,17,3389
24,18,3663
24,19,6327
24,20,4903
24,21,4176
24,22,3755
24,23,5907
24,24,0
24,25,663
24,26,1929
24,27,246
24,28,5648
24,29,1912
24,30,3720
24,31,2165
24,32,391
24,33,4137
24,34,4523
24,35,6931
24,36,3373
24,37,5120
24,38,4960
24,39,5546
24,40,4911
24,41,6275
24,42,4867
24,43,1858
24,44,2632
24,45,918
24,46,3502
24,47,2688
24,48,2789
24,49,4268
24,50,4517
24,51,3800
24,52,4685
24,53,4774
24,54,1009
24,55,5079
24,56,3314
24,57,4430
24,58,3203
24,59,4128
24,60,1980
24,61,7133
24,62,7259
24,63,6088
24,64,4922
24,65,697
24,66,4573
24,67,2454
24,68,2167
24,69,5463
24,70,4153
24,71,2406
24,72,1169
24,73,1231
24,74,4587
24,75,3330
24,76,4384
24,77,3189
24,78,1411
24,79,4195
24,80,6230
24,81,6276
24,82,5225
24,83,2103
24,84,4515
24,85,2544
24,86,6373
24,87,2704
24,88,2361
24,89,4804
24,90,6847
24,91,6000
24,92,7346
24,93,756
24,94,5996
24,95,7383
24,96,3053
24,97,505
24,98,4062
24,99,2150
24,100,4506
25,1,3382
25,2,4596
25,3,1344
25,4,2218
25,5,5206
25,6,2382
25,7,1928
25,8,2967
25,9,4377
25,10,4995
25,11,4370
25,12,1991
25,13,1890
25,14,4630
25,15,5848
25,16,6162
25,17,2914
25,18,3223
25,19,5681
25,20,4290
25,21,3722
25,22,3528
25,23,5264
25,24,663
25,25,0
25,26,1287
25,27,424
25,28,4988
25,29,1271
25,30,3067
25,31,2106
25,32,278
25,33,3474
25,34,3949
25,35,6282
25,36,2776
25,37,4656
25,38,4308
25,39,4922
25,40,4479
25,41,5660
25,42,4368
25,43,1281
25,44,2040
25,45,912
25,46,3337
25,47,2133
25,48,2173
25,49,3906
25,50,4039
25,51,3414
25,52,4036
25,53,4115
25,54,786
25,55,4527
25,56,2781
25,57,4061
25,58,2809
25,59,3585
25,60,1970
25,61,6480
25,62,6599
25,63,5524
25,64,4265
25,65,822
25,66,3923
25,67,2223
25,68,1693
25,69,5055
25,70,3709
25,71,2184
25,72,1465
25,73,877
25,74,4176
25,75,2727
25,76,3727
25,77,2608
25,78,780
25,79,3618
25,80,5588
25,81,5628
25,82,4567
25,83,2093
25,84,4011
25,85,2367
25,86,5738
25,87,2040
25,88,2024
25,89,4165
25,90,6188
25,91,5351
25,92,6682
25,93,953
25,94,5332
25,95,6720
25,96,2873
25,97,1059
25,98,3560
25,99,2354
25,100,3845
26,1,2711
26,2,3461
26,3,1999
26,4,2633
26,5,4120
26,6,1271
26,7,842
26,8,2843
26,9,3347
26,10,3986
26,11,3266
26,12,780
26,13,1890
26,14,3399
26,15,4570
26,16,5147
26,17,1921
26,18,3053
26,19,4397
26,20,3449
26,21,2723
26,22,3820
26,23,4245
26,24,1929
26,25,1287
26,26,0
26,27,1706
26,28,3855
26,29,19
26,30,2046
26,31,2182
26,32,1564
26,33,2253
26,34,2720
26,35,5221
26,36,1529
26,37,3606
26,38,3031
26,39,4013
26,40,3494
26,41,4379
26,42,3257
26,43,1177
26,44,832
26,45,1611
26,46,2980
26,47,1772
26,48,908
26,49,3089
26,50,3691
26,51,3368
26,52,2756
26,53,2860
26,54,1727
26,55,3327
26,56,1665
26,57,3220
26,58,2019
26,59,2416
26,60,2172
26,61,5391
26,62,5461
26,63,4298
26,64,3002
26,65,2008
26,66,2896
26,67,2677
26,68,945
26,69,4097
26,70,2731
26,71,2659
26,72,2267
26,73,1594
26,74,3242
26,75,1472
26,76,2462
26,77,1394
26,78,520
26,79,2965
26,80,4302
26,81,4573
26,82,3452
26,83,2261
26,84,2903
26,85,2141
26,86,4450
26,87,900
26,88,1533
26,89,2877
26,90,4932
26,91,4299
26,92,5479
26,93,1843
26,94,4135
26,95,5494
26,96,2547
26,97,2209
26,98,3176
26,99,2829
26,100,2605
27,1,3729
27,2,4948
27,3,1427
27,4,2314
27,5,5540
27,6,2749
27,7,2302
27,8,3198
27,9,4697
27,10,5391
27,11,4713
27,12,2416
27,13,2142
27,14,5016
27,15,6272
27,16,6467
27,17,3242
27,18,3458
27,19,6103
27,20,4660
27,21,4040
27,22,3613
27,23,5661
27,24,246
27,25,424
27,26,1706
27,27,0
27,28,5402
27,29,1690
27,30,3473
27,31,2170
27,32,147
27,33,3898
27,34,4336
27,35,6684
27,36,3174
27,37,4981
27,38,4732
27,39,5301
27,40,4785
27,41,6068
27,42,4713
27,43,1617
27,44,2434
27,45,908
27,46,3476
27,47,2453
27,48,2580
27,49,4169
27,50,4303
27,51,3610
27,52,4459
27,53,4540
27,54,833
27,55,4902
27,56,3143
27,57,4329
27,58,3088
27,59,3954
27,60,2000
27,61,6886
27,62,7013
27,63,5906
27,64,4690
27,65,623
27,66,4326
27,67,2305
27,68,2016
27,69,5348
27,70,4021
27,71,2259
27,72,1290
27,73,1030
27,74,4469
27,75,3128
27,76,4152
27,77,2997
27,78,1192
27,79,3958
27,80,6009
27,81,6030
27,82,4980
27,83,2125
27,84,4359
27,85,2508
27,86,6156
27,87,2463
27,88,2264
27,89,4584
27,90,6613
27,91,5753
27,92,7104
27,93,818
27,94,5753
27,95,7143
27,96,3019
27,97,714
27,98,3842
27,99,2252
27,100,4270
28,1,2346
28,2,3976
28,3,4799
28,4,4673
28,5,4559
28,6,3745
28,7,3861
28,8,3682
28,9,4442
28,10,776
28,11,4067
28,12,3074
28,13,3900
28,14,3237
28,15,1926
28,16,5569
28,17,4101
28,18,3607
28,19,1996
28,20,1581
28,21,4305
28,22,4939
28,23,811
28,24,5648
28,25,4988
28,26,3855
28,27,5402
28,28,0
28,29,3875
28,30,1949
28,31,5755
28,32,5256
28,33,1673
28,34,3142
28,35,1436
28,36,3162
28,37,4471
28,38,1633
28,39,1281
28,40,4691
28,41,2822
28,42,4028
28,43,3929
28,44,3585
28,45,5466
28,46,5884
28,47,3357
28,48,3337
28,49,5024
28,50,3256
28,51,3968
28,52,1792
28,53,1395
28,54,4991
28,55,3490
28,56,3705
28,57,5027
28,58,4599
28,59,3507
28,60,5828
28,61,1555
28,62,1612
28,63,3654
28,64,1409
28,65,5431
28,66,1171
28,67,4753
28,68,4344
28,69,5134
28,70,4378
28,71,4784
28,72,6118
28,73,4732
28,74,4753
28,75,3129
28,76,1731
28,77,3375
28,78,4339
28,79,2328
28,80,2130
28,81,872
28,82,430
28,83,5880
28,84,3918
28,85,5470
28,86,2364
28,87,2974
28,88,4834
28,89,2034
28,90,1747
28,91,681
28,92,1791
28,93,5696
28,94,617
28,95,1935
28,96,5629
28,97,6017
28,98,3076
28,99,6555
28,100,1459
29,1,2727
29,2,3469
29,3,1994
29,4,2633
29,5,4126
29,6,1275
29,7,844
29,8,2852
29,9,3351
29,10,4005
29,11,3272
29,12,800
29,13,1895
29,14,3410
29,15,4588
29,16,5152
29,17,1923
29,18,3063
29,19,4415
29,20,3467
29,21,2726
29,22,3825
29,23,4265
29,24,1912
29,25,1271
29,26,19
29,27,1690
29,28,3875
29,29,0
29,30,2066
29,31,2166
29,32,1547
29,33,2272
29,34,2731
29,35,5240
29,36,1541
29,37,3611
29,38,3049
29,39,4032
29,40,3497
29,41,4393
29,42,3263
29,43,1180
29,44,840
29,45,1591
29,46,2970
29,47,1783
29,48,921
29,49,3088
29,50,3704
29,51,3377
29,52,2773
29,53,2879
29,54,1717
29,55,3337
29,56,1670
29,57,3219
29,58,2016
29,59,2424
29,60,2155
29,61,5411
29,62,5480
29,63,4309
29,64,3021
29,65,1995
29,66,2916
29,67,2677
29,68,936
29,69,4100
29,70,2733
29,71,2659
29,72,2247
29,73,1586
29,74,3244
29,75,1484
29,76,2481
29,77,1404
29,78,502
29,79,2981
29,80,4319
29,81,4593
29,82,3472
29,83,2244
29,84,2909
29,85,2128
29,86,4466
29,87,919
29,88,1522
29,89,2894
29,90,4951
29,91,4319
29,92,5499
29,93,1824
29,94,4154
29,95,5513
29,96,2536
29,97,2190
29,98,3188
29,99,2811
29,100,2623
30,1,1120
30,2,3717
30,3,2882
30,4,2894
30,5,4422
30,6,2417
30,7,2332
30,8,2180
30,9,3944
30,10,1948
30,11,3667
30,12,1308
30,13,2042
30,14,3225
30,15,3261
30,16,5532
30,17,2999
30,18,2226
30,19,3181
30,20,1467
30,21,3536
30,22,3497
30,23,2212
30,24,3720
30,25,3067
30,26,2046
30,27,3473
30,28,1949
30,29,2066
30,30,0
30,31,4153
30,32,3329
30,33,927
30,34,2746
30,35,3217
30,36,2026
30,37,4097
30,38,1922
30,39,1975
30,40,4172
30,41,3593
30,42,3638
30,43,1981
30,44,2071
30,45,3634
30,46,4627
30,47,1501
30,48,1845
30,49,4172
30,50,2370
30,51,2632
30,52,1771
30,53,1556
30,54,3043
30,55,3339
30,56,2574
30,57,4238
30,58,3391
30,59,2825
30,60,4179
30,61,3413
30,62,3548
30,63,4002
30,64,1732
30,65,3482
30,66,861
30,67,2972
30,68,2753
30,69,4744
30,70,3587
30,71,2993
30,72,4296
30,73,2786
30,74,4081
30,75,1958
30,76,1380
30,77,2150
30,78,2478
30,79,1321
30,80,3184
30,81,2563
30,82,1520
30,83,4253
30,84,3375
30,85,3986
30,86,3399
30,87,1151
30,88,3327
30,89,2068
30,90,3404
30,91,2286
30,92,3711
30,93,3840
30,94,2383
30,95,3803
30,96,4273
30,97,4114
30,98,1935
30,99,4865
30,100,1266
31,1,4894
31,2,3679
31,3,3447
31,4,4306
31,5,4084
31,6,2069
31,7,1894
31,8,4879
31,9,3222
31,10,6030
31,11,3399
31,12,2846
31,13,3821
31,14,4064
31,15,5936
31,16,4796
31,17,2066
31,18,5115
31,19,5711
31,20,5599
31,21,2626
31,22,5610
31,23,6274
31,24,2165
31,25,2106
31,26,2182
31,27,2170
31,28,5755
31,29,2166
31,30,4153
31,31,0
31,32,2152
31,33,4082
31,34,3474
31,35,7180
31,36,2686
31,37,3511
31,38,4524
31,39,6126
31,40,3213
31,41,5340
31,42,3417
31,43,3094
31,44,2171
31,45,1261
31,46,1365
31,47,3871
31,48,2419
31,49,2425
31,50,5830
31,51,5375
31,52,4248
31,53,4511
31,54,2890
31,55,3841
31,56,2274
31,57,2592
31,58,1620
31,59,2965
31,60,222
31,61,7310
31,62,7298
31,63,4834
31,64,4601
31,65,2792
31,66,4960
31,67,4318
31,68,1419
31,69,3664
31,70,2572
31,71,4281
31,72,1234
31,73,2972
31,74,2853
31,75,2694
31,76,4106
31,77,2454
31,78,1971
31,79,5148
31,80,5551
31,81,6556
31,82,5397
31,83,158
31,84,3117
31,85,527
31,86,5622
31,87,3016
31,88,952
31,89,4219
31,90,6442
31,91,6293
31,92,7168
31,93,1420
31,94,5892
31,95,7107
31,96,956
31,97,1907
31,98,5319
31,99,880
31,100,4337
32,1,3600
32,2,4833
32,3,1371
32,4,2259
32,5,5432
32,6,2627
32,7,2177
32,8,3103
32,9,4593
32,10,5249
32,11,4601
32,12,2269
32,13,2038
32,14,4888
32,15,6127
32,16,6370
32,17,3135
32,18,3361
32,19,5958
32,20,4525
32,21,3937
32,22,3565
32,23,5518
32,24,391
32,25,278
32,26,1564
32,27,147
32,28,5256
32,29,1547
32,30,3329
32,31,2152
32,32,0
32,33,3751
32,34,4207
32,35,6540
32,36,3041
32,37,4876
32,38,4587
32,39,5164
32,40,4686
32,41,5931
32,42,4600
32,43,1489
32,44,2302
32,45,900
32,46,3435
32,47,2330
32,48,2443
32,49,4086
32,50,4199
32,51,3526
32,52,4314
32,53,4393
32,54,779
32,55,4778
32,56,3023
32,57,4244
32,58,2998
32,59,3832
32,60,1993
32,61,6742
32,62,6867
32,63,5780
32,64,4543
32,65,656
32,66,4182
32,67,2255
32,68,1908
32,69,5254
32,70,3920
32,71,2211
32,72,1350
32,73,946
32,74,4375
32,75,2993
32,76,4006
32,77,2867
32,78,1051
32,79,3831
32,80,5866
32,81,5886
32,82,4834
32,83,2117
32,84,4245
32,85,2464
32,86,6014
32,87,2315
32,88,2186
32,89,4441
32,90,6466
32,91,5609
32,92,6957
32,93,856
32,94,5606
32,95,6996
32,96,2975
32,97,833
32,98,3732
32,99,2292
32,100,4123
33,1,1999
33,2,2893
33,3,3592
33,4,3738
33,5,3582
33,6,2091
33,7,2188
33,8,3105
33,9,3199
33,10,2038
33,11,2883
33,12,1488
33,13,2855
33,14,2335
33,15,2467
33,16,4684
33,17,2522
33,18,3152
33,19,2350
33,20,2007
33,21,2891
33,22,4419
33,23,2251
33,24,4137
33,25,3474
33,26,2253
33,27,3898
33,28,1673
33,29,2272
33,30,927
33,31,4082
33,32,3751
33,33,0
33,34,1927
33,35,3101
33,36,1539
33,37,3315
33,38,1017
33,39,2284
33,40,3440
33,41,2677
33,42,2849
33,43,2619
33,44,1912
33,45,3847
33,46,4277
33,47,2339
33,48,1664
33,49,3581
33,50,3241
33,51,3558
33,52,845
33,53,692
33,54,3635
33,55,2479
33,56,2104
33,57,3619
33,58,2992
33,59,2117
33,60,4156
33,61,3228
33,62,3241
33,63,3082
33,64,866
33,65,4038
33,66,1131
33,67,3813
33,68,2671
33,69,3980
33,70,2954
33,71,3828
33,72,4487
33,73,3401
33,74,3407
33,75,1495
33,76,453
33,77,1735
33,78,2761
33,79,2162
33,80,2322
33,81,2490
33,82,1329
33,83,4207
33,84,2631
33,85,3805
33,86,2524
33,87,1439
33,88,3164
33,89,1141
33,90,2726
33,91,2236
33,92,3226
33,93,4091
33,94,1883
33,95,3247
33,96,3990
33,97,4457
33,98,2837
33,99,4885
33,100,394
34,1,3866
34,2,972
34,3,4646
34,4,5090
34,5,1676
34,6,1610
34,7,2038
34,8,4780
34,9,1310
34,10,3758
34,11,962
34,12,2343
34,13,4210
34,14,681
34,15,2565
34,16,2787
34,17,1411
34,18,4885
34,19,2320
34,20,3923
34,21,1221
34,22,6034
34,23,3906
34,24,4523
34,25,3949
34,26,2720
34,27,4336
34,28,3142
34,29,2731
34,30,2746
34,31,3474
34,32,4207
34,33,1927
34,34,0
34,35,4497
34,36,1191
34,37,1392
34,38,1517
34,39,4111
34,40,1559
34,41,1869
34,42,927
34,43,3687
34,44,1911
34,45,3867
34,46,3048
34,47,3809
34,48,1815
34,49,1933
34,50,5116
34,51,5284
34,52,1358
34,53,1768
34,54,4445
34,55,638
34,56,1257
34,57,1910
34,58,1903
34,59,519
34,60,3637
34,61,4521
34,62,4352
34,63,1578
34,64,1732
34,65,4720
34,66,3037
34,67,5153
34,68,2416
34,69,2061
34,70,1300
34,71,5151
34,72,4361
34,73,4291
34,74,1614
34,75,1254
34,76,1560
34,77,1341
34,78,3178
34,79,4056
34,80,2133
34,81,4011
34,82,2977
34,83,3630
34,84,776
34,85,3013
34,86,2170
34,87,2465
34,88,2563
34,89,1114
34,90,3150
34,91,3817
34,92,4014
34,93,4149
34,94,2974
34,95,3874
34,96,2947
34,97,4650
34,98,4673
34,99,4354
34,100,1832
35,1,3227
35,2,5256
35,3,5907
35,4,5615
35,5,5773
35,6,5181
35,7,5286
35,8,4476
35,9,5768
35,10,1310
35,11,5381
35,12,4445
35,13,4958
35,14,4486
35,15,2633
35,16,6704
35,17,5530
35,18,4330
35,19,2817
35,20,2237
35,21,5692
35,22,5581
35,23,1041
35,24,6931
35,25,6282
35,26,5221
35,27,6684
35,28,1436
35,29,5240
35,30,3217
35,31,7180
35,32,6540
35,33,3101
35,34,4497
35,35,0
35,36,4598
35,37,5763
35,38,2982
35,39,1587
35,40,6016
35,41,3764
35,42,5341
35,43,5132
35,44,5009
35,45,6829
35,46,7315
35,47,4442
35,48,4761
35,49,6412
35,50,3717
35,51,4618
35,52,3182
35,53,2805
35,54,6185
35,55,4763
35,56,5139
35,57,6403
35,58,6031
35,59,4899
35,60,7247
35,61,293
35,62,733
35,63,4727
35,64,2789
35,65,6639
35,66,2358
35,67,5694
35,68,5765
35,69,6410
35,70,5766
35,71,5733
35,72,7488
35,73,5918
35,74,6111
35,75,4565
35,76,3161
35,77,4811
35,78,5683
35,79,3103
35,80,3018
35,81,654
35,82,1785
35,83,7302
35,84,5271
35,85,6904
35,86,3212
35,87,4324
35,88,6265
35,89,3385
35,90,2114
35,91,931
35,92,1428
35,93,7047
35,94,1544
35,95,1745
35,96,7064
35,97,7331
35,98,3733
35,99,7968
35,100,2893
36,1,3097
36,2,2002
36,3,3466
36,4,3957
36,5,2697
36,6,616
36,7,926
36,8,3791
36,9,2036
36,10,3578
36,11,1854
36,12,1218
36,13,3098
36,14,1869
36,15,3294
36,16,3780
36,17,994
36,18,3933
36,19,3086
36,20,3432
36,21,1535
36,22,4983
36,23,3789
36,24,3373
36,25,2776
36,26,1529
36,27,3174
36,28,3162
36,29,1541
36,30,2026
36,31,2686
36,32,3041
36,33,1539
36,34,1191
36,35,4598
36,36,0
36,37,2248
36,38,1839
36,39,3800
36,40,2237
36,41,2908
36,42,1835
36,43,2524
36,44,740
36,45,2797
36,46,2738
36,47,2754
36,48,623
36,49,2146
36,50,4311
36,51,4315
36,52,1562
36,53,1841
36,54,3253
36,55,1808
36,56,568
36,57,2217
36,58,1452
36,59,957
36,60,2801
36,61,4696
36,62,4643
36,63,2768
36,64,1919
36,65,3534
36,66,2614
36,67,4016
36,68,1384
36,69,2839
36,70,1578
36,71,4010
36,72,3357
36,73,3101
36,74,2090
36,75,77
36,76,1448
36,77,231
36,78,1999
36,79,3324
36,80,2951
36,81,4010
36,82,2857
36,83,2828
36,84,1505
36,85,2334
36,86,3061
36,87,1374
36,88,1735
36,89,1555
36,90,3767
36,91,3765
36,92,4482
36,93,3074
36,94,3226
36,95,4422
36,96,2466
36,97,3547
36,98,3825
36,99,3543
36,100,1705
37,1,5215
37,2,511
37,3,5605
37,4,6177
37,5,576
37,6,2335
37,7,2782
37,8,6030
37,9,292
37,10,5125
37,11,432
37,12,3464
37,13,5336
37,14,1292
37,15,3498
37,16,1545
37,17,1742
37,18,6161
37,19,3246
37,20,5315
37,21,944
37,22,7231
37,23,5256
37,24,5120
37,25,4656
37,26,3606
37,27,4981
37,28,4471
37,29,3611
37,30,4097
37,31,3511
37,32,4876
37,33,3315
37,34,1392
37,35,5763
37,36,2248
37,37,0
37,38,2839
37,39,5495
37,40,366
37,41,2454
37,42,465
37,43,4720
37,44,2785
37,45,4306
37,46,2570
37,47,5003
37,48,2800
37,49,1188
37,50,6461
37,51,6550
37,52,2723
37,53,3135
37,54,5290
37,55,1001
37,56,1941
37,57,1053
37,58,1959
37,59,1303
37,60,3719
37,61,5751
37,62,5523
37,63,1570
37,64,3075
37,65,5475
37,66,4429
37,67,6231
37,68,2967
37,69,671
37,70,974
37,71,6221
37,72,4639
37,73,5190
37,74,700
37,75,2325
37,76,2951
37,77,2275
37,78,3956
37,79,5416
37,80,3026
37,81,5326
37,82,4343
37,83,3666
37,84,744
37,85,2985
37,86,2959
37,87,3623
37,88,2815
37,89,2445
37,90,4139
37,91,5151
37,92,5077
37,93,4577
37,94,4220
37,95,4878
37,96,2691
37,97,5114
37,98,6000
37,99,4327
37,100,3220
38,1,2918
38,2,2349
38,3,4572
38,4,4754
38,5,2959
38,6,2455
38,7,2715
38,8,4100
38,9,2809
38,10,2299
38,11,2433
38,12,2337
38,13,3867
38,14,1635
38,15,1539
38,16,4009
38,17,2638
38,18,4130
38,19,1381
38,20,2664
38,21,2711
38,22,5418
38,23,2419
38,24,4960
38,25,4308
38,26,3031
38,27,4732
38,28,1633
38,29,3049
38,30,1922
38,31,4524
38,32,4587
38,33,1017
38,34,1517
38,35,2982
38,36,1839
38,37,2839
38,38,0
38,39,2708
38,40,3058
38,41,1672
38,42,2394
38,43,3586
38,44,2467
38,45,4538
38,46,4412
38,47,3356
38,48,2247
38,49,3431
38,50,4121
38,51,4534
38,52,282
38,53,392
38,54,4565
38,55,1868
38,56,2295
38,57,3421
38,58,3156
38,59,1925
38,60,4640
38,61,3017
38,62,2885
38,63,2212
38,64,255
38,65,4943
38,66,1806
38,67,4828
38,68,3198
38,69,3505
38,70,2787
38,71,4842
38,72,5141
38,73,4346
38,74,3132
38,75,1836
38,76,609
38,77,2071
38,78,3551
38,79,3041
38,80,1322
38,81,2497
38,82,1525
38,83,4667
38,84,2293
38,85,4153
38,86,1513
38,87,2342
38,88,3572
38,89,403
38,90,1939
38,91,2313
38,92,2652
38,93,4803
38,94,1476
38,95,2583
38,96,4219
38,97,5225
38,98,3763
38,99,5382
38,100,656
